[0] 
[1] EEF2100
[2] EEF2400
[3] EEC1000
[4] EEF1100
[5] EEF1200
[6] EEC2200
[7] Test7
[8] 
[9] 35060
[10] 25003
[11] 
[12] 10103
[13] 83400
[14] EEF2100-EVO
[15] 
[16] 15004
[17] 15001
[18] 85100
[19] 85150
[20] 85110
[21] 85160
[22] 85600
[23] 
[24] 15500
[25] 25500
[26] 85200
[27] 85250
[28] 85700
[29] AttitudeCS
[30] AttitudeCTS
[31] AttitudeRaceCS
[32] AttitudeRaceCTS
[33] InsightCS
[34] InsightCTS
[35] 65231
[36] 65230
[37] 8040
[38] 8030
[39] 8130
[40] 8140
[41] 85101
[42] 85201
[43] 73830
[44] 85210
[45] 85260
[46] 85400
[47] 85450
[48] 85350
[49] 85300
[50] X140X
[51] X150X
[52] 84030
[53] 84130
[54] 88888
[55] 99999
[56] 42050
[57] 
[58] 85301
[59] 85401
[60] 74130
[61] 75200
[62] 86100
[63] 86000
[64] 85302
[65] 85402
[66] 42051
[67] 41050
[68] 41051
[69] 84031
[70] 84131
[71] 84132
[72] 84032
[73] 1050
[74] 2050
[75] 3050
[76] 1060
[77] 2060
[78] 3060
[79] 65235
[80] 85351
[81] 85451
[82] 25350
[83] 25351
[84] 25450
[85] 25451
[86] 2067-17
[87] 
[88] 
[89] 
[90] 
[91] 
[92] 
[93] 
[94] 
[95] 
[96] 
[97] 
[98] 
[99] 
[100] 
[101] 
[102] 
[103] 
[104] 
[105] 
[106] 
[107] 
[108] 
[109] 
[110] 
[111] 
[112] 
[113] 
[114] 
[115] 
[116] 
[117] 
[118] 
[119] 
[120] 
[121] 
[122] 
[123] 
[124] 
[125] 
[126] 
[127] 
[128] 
[129] 
[130] 
[131] 
[132] 
[133] 
[134] 
[135] 
[136] 
[137] 
[138] 
[139] 
[140] 
[141] 
[142] 
[143] 
[144] 
[145] 
[146] 
[147] 
[148] 
[149] 
[150] 
[151] 
[152] 
[153] 
[154] 
[155] 
[156] 
[157] 
[158] 
[159] 
[160] 
[161] 
[162] 
[163] 
[164] 
[165] 
[166] 
[167] 
[168] 
[169] 
[170] 
[171] 
[172] 
[173] 
[174] 
[175] 
[176] 
[177] 
[178] 
[179] 
[180] 
[181] 
[182] 
[183] 
[184] 
[185] 
[186] 
[187] 
[188] 
[189] 
[190] 
[191] 
[192] 
[193] 
[194] 
[195] 
[196] 
[197] 
[198] 
[199] 
[200] 
[201] 
[202] 
[203] 
[204] 
[205] 
[206] 
[207] 
[208] 
[209] 
[210] 
[211] 
[212] 
[213] 
[214] 
[215] 
[216] 
[217] 
[218] 
[219] 
[220] 
[221] 
[222] 
[223] 
[224] 
[225] 
[226] 
[227] 
[228] 
[229] 
[230] 
[231] 
[232] 
[233] 
[234] 
[235] 
[236] 
[237] 
[238] 
[239] 
[240] 
[241] 
[242] 
[243] 
[244] 
[245] 
[246] 
[247] 
[248] 
[249] 6520x
[250] Test250
[251] 
[252] DemoCTS
[253] DemoCS
[254] 
[255] 
[256] 
[257] 
[258] 
[259] 
[260] 
[261] 
[262] 
[263] 
[264] 
[265] 
[266] 
[267] 
[268] 
[269] 
[270] 
[271] 
[272] 
[273] 
[274] 
[275] 
[276] 
[277] 
[278] 
[279] 
[280] 
[281] 
[282] 
[283] 
[284] 
[285] 
[286] 
[287] 
[288] 
[289] 
[290] 
[291] 
[292] 
[293] 
[294] 
[295] 
[296] 
[297] 
[298] 
[299] 
[300] 
[301] 
[302] 
[303] 
[304] 
[305] 
[306] 
[307] 
[308] 
[309] 
[310] 
[311] 
[312] 
[313] 
[314] 
[315] 
[316] 
[317] 
[318] 
[319] 
[320] 
[321] 
[322] 
[323] 
[324] 
[325] 
[326] 
[327] 
[328] 
[329] 
[330] 
[331] 
[332] 
[333] 
[334] 
[335] 
[336] 
[337] 
[338] 
[339] 
[340] 
[341] 
[342] 
[343] 
[344] 
[345] 
[346] 
[347] 
[348] 
[349] 
[350] 
[351] 
[352] 
[353] 
[354] 
[355] 
[356] 
[357] 
[358] 
[359] 
[360] 
[361] 
[362] 
[363] 
[364] 
[365] 
[366] 
[367] 
[368] 
[369] 
[370] 
[371] 
[372] 
[373] 
[374] 
[375] 
[376] 
[377] 
[378] 
[379] 
[380] 
[381] 
[382] 
[383] 
[384] 
[385] 
[386] 
[387] 
[388] 
[389] 
[390] 
[391] 
[392] 
[393] 
[394] 
[395] 
[396] 
[397] 
[398] 
[399] 
[400] 
[401] 
[402] 
[403] 
[404] 
[405] 
[406] 
[407] 
[408] 
[409] 
[410] 
[411] 
[412] 
[413] 
[414] 
[415] 
[416] 
[417] 
[418] 
[419] 
[420] 
[421] 
[422] 
[423] 
[424] 
[425] 
[426] 
[427] 
[428] 
[429] 
[430] 
[431] 
[432] 
[433] 
[434] 
[435] 
[436] 
[437] 
[438] 
[439] 
[440] 
[441] 
[442] 
[443] 
[444] 
[445] 
[446] 
[447] 
[448] 
[449] 
[450] 
[451] 
[452] 
[453] 
[454] 
[455] 
[456] 
[457] 
[458] 
[459] 
[460] 
[461] 
[462] 
[463] 
[464] 
[465] 
[466] 
[467] 
[468] 
[469] 
[470] 
[471] 
[472] 
[473] 
[474] 
[475] 
[476] 
[477] 
[478] 
[479] 
[480] 
[481] 
[482] 
[483] 
[484] 
[485] 
[486] 
[487] 
[488] 
[489] 
[490] 
[491] 
[492] 
[493] 
[494] 
[495] 
[496] 
[497] 
[498] 
[499] 
